$ANSIBLE_VAULT;1.1;AES256
33383037373933376264656335376363633065646133363461343765313337656563333631663937
6235313830313033336266373861656362343233303261320a646336303430313764336461666466
66383133666639633233636464346263656265306263623937383939656434306565656434373262
6333333637326433320a373737373331636466373732626664313239393261326532356162333637
39633739633633326531313166376265313839306662616432343030656163383730613337643036
39323065333764326430366336323865373864336166666162326334303264616533313530326431
36663930383839623434363166363834363531366234373465666366343131633330616437333162
63626663343535373930383436336631353166653237646561376663376136393830326531313761
64363539646134373961346566366231633864306164313735346666343363383635343261343138
34366236313236643433306264383537643764636632633061666464343031343632626537633730
32626231643466663564623135636338613165666138346264666663333439363662303832383830
37373066636464336661383735356634623536333565356133643631643530666664326435653435
66616133643463376163323862636165383131646533363261623166356366326334373536346166
30303231323036373966396364376330613562636539333364323464633964333563383436393461
61623863653231383630333062363561663334343338336439373532656365626330623361613561
64386363363036303131386330643537363332353138656565373563366562336662323439383233
64653465373235616538363336666633626363346437316633613335306535383764306162343264
63396431306436626261363563623437656563663032383262363766333836306138353237373263
38383839623261346266313235613362333961653230376361316361383830626635633164626233
64343064313261303666623332653664316366613735303933653838376638313039626161343835
66333236383138336235613362383935653832313632363833343966623632316139313136393632
39666433373763656536363466303961343830303536386434626265666362633631356564343466
61386632663730313231393739633331373734303661393233643231363934643930366439323262
64366439616532626464363264386535323036363330316235616439623935316638376534333965
31356433623031616263653736363932303231323066623932623763636637383361386335306363
62363239333763353330346533363536343932613362336134316336346136313762323139656239
37346665623733343866303363653331353366333131323964643137376465356261353066613238
30616464636439313664333364353834333464376265363039373164336561383666616263333633
34343662626666393933316163346131346332373730333035353538323739646633363739363432
30373132623264373033396366653061626233333364313930613839306239663861303565363465
65316165306265623366636662393734663530383766653336656132316436616531393730643333
30656661323764363932306437353761626137353336343634653566353130613632643763653161
32383437343863613065376238353539663434343639666331633332393365363638616366666463
36393864376566383066666530313730323264353234323633333435313039343330323364613765
62636132663662353238376661306539356534333839623733326231626163653934373831653432
65373131623332633361663063616530353038353834643438376637613734633534326263356434
63396439383430663661373935393031366133383735643739353065633866383161643236616162
65333932326661313463663365343535313033656261363830356237356637393532326437613166
62313138616531643731666636393565356537393132343565313664333738386633343233313531
38376236363164663137333337613631363531393831353132326566623330376165363833636164
63643466396230386563663037636263653932393939313339376532653933666431613739326364
64363836663639323736376130633338393565323936363363393235346436653363303661623831
66353235663435666165303665333738353734363431376136653739316635336433623235663564
39383862393935313636643635626365336135313233613166393061666635373063333933326361
32353866643735663336376232313233313831643038346465633065353731623934373863313131
32666137363231326430393539616630303736623030316430653332666231323638396666373539
66383563343963303465623537646537643164643063653163383339323931313762643132303361
63636166343961646534383236633631653937306266636266343063643436383736356639646630
63356231646438336236393865633865643365633235663964363038383764383763386562663266
36353234326638376631323530653335633233663664333462333261376365376432663831363961
62653365646232623835663264366663383135303132616635623538333833306363303130373332
31643132653862663134663431373966306237333737326132343864336361643039663330643339
35393131643236393435343064393561633734643836306339343030366334306430663237373634
61393031346135613263333566653136383736636264616666383731656338663361306566646239
33646664306332376433333231383863356439306232636231343031376636316163366131663630
30613561323732323037353561326630383262633735643234343764646364323564613330393164
66333734653566383563646263353766363338613162353565393337336666353032653334313462
32313738306463643233313730613536383530333863393338623430363237386165656461336233
33393464306534356631643264323838653661353534353162613031666434613636316561326664
35363039623634376462303538626332613539396134386265373036316237366137303463346163
31663734346637613839313734663363326263613438323365613864346431656365663332373066
32333365353234346337323333663030373665623665613737643837663334383432633763316638
63376134623165353362653161313463383234346633663732313732303730613336343835336236
32383536653134613637
